     0:    4.00000E+000    1.00000E+000    8.70000E+001    5.40000E+001
     4:    3.20000E+001    6.35200E+003    1.75100E+003    1.54100E+003
     8:    1.30900E+003    1.21600E+003    1.16800E+003    9.89000E+002
    12:    9.35000E+002    8.64000E+002    7.99000E+002    7.48000E+002
    16:    7.47000E+002    7.00000E+002    6.25000E+002    6.05000E+002
    20:    5.79000E+002    5.74000E+002    5.80000E+002    5.49000E+002
    24:    5.16000E+002    4.77000E+002    4.73000E+002    4.17000E+002
    28:    4.65000E+002    3.76000E+002    3.94000E+002    3.93000E+002
    32:    3.74000E+002    3.48000E+002    3.16000E+002    3.14000E+002
    36:    3.23000E+002    2.97000E+002    2.88000E+002    2.74000E+002
    40:    2.45000E+002    2.35000E+002    2.21000E+002    2.16000E+002
    44:    1.92000E+002    1.78000E+002    2.08000E+002    2.03000E+002
    48:    1.85000E+002    1.93000E+002    1.75000E+002    1.82000E+002
    52:    1.43000E+002    1.45000E+002    1.33000E+002    1.51000E+002
    56:    1.25000E+002    1.25000E+002    1.48000E+002    1.23000E+002
    60:    1.11000E+002    1.06000E+002    1.06000E+002    9.90000E+001
    64:    9.30000E+001    7.70000E+001    6.70000E+001    8.60000E+001
    68:    7.80000E+001    7.50000E+001    7.80000E+001    7.60000E+001
    72:    8.10000E+001    7.00000E+001    7.60000E+001    5.00000E+001
    76:    5.10000E+001    5.30000E+001    5.00000E+001    7.50000E+001
    80:    5.30000E+001    4.90000E+001    5.80000E+001    4.00000E+001
    84:    3.80000E+001    4.00000E+001    4.10000E+001    3.90000E+001
    88:    3.60000E+001    3.20000E+001    4.30000E+001    3.30000E+001
    92:    4.80000E+001    2.70000E+001    3.70000E+001    3.30000E+001
    96:    1.90000E+001    2.60000E+001    2.60000E+001    2.30000E+001
   100:    2.70000E+001    2.80000E+001    2.80000E+001    2.80000E+001
   104:    2.50000E+001    2.80000E+001    2.50000E+001    2.40000E+001
   108:    1.70000E+001    1.90000E+001    2.10000E+001    2.00000E+001
   112:    2.30000E+001    1.50000E+001    2.00000E+001    2.60000E+001
   116:    2.10000E+001    1.80000E+001    1.90000E+001    2.30000E+001
   120:    1.70000E+001    1.90000E+001    2.40000E+001    1.80000E+001
   124:    2.10000E+001    2.20000E+001    1.70000E+001    1.00000E+001
   128:    1.80000E+001    1.70000E+001    6.00000E+000    1.00000E+001
   132:    1.10000E+001    1.40000E+001    2.00000E+001    7.00000E+000
   136:    1.00000E+001    6.00000E+000    1.60000E+001    9.00000E+000
   140:    1.50000E+001    7.00000E+000    1.40000E+001    1.10000E+001
   144:    1.60000E+001    1.90000E+001    7.00000E+000    5.00000E+000
   148:    1.00000E+001    1.10000E+001    1.30000E+001    1.20000E+001
   152:    1.40000E+001    1.00000E+001    1.10000E+001    9.00000E+000
   156:    1.50000E+001    1.50000E+001    1.00000E+001    8.00000E+000
   160:    7.00000E+000    8.00000E+000    1.10000E+001    9.00000E+000
   164:    1.00000E+001    7.00000E+000    8.00000E+000    1.00000E+001
   168:    1.00000E+001    1.00000E+001    1.60000E+001    1.10000E+001
   172:    8.00000E+000    5.00000E+000    1.10000E+001    3.00000E+000
   176:    6.00000E+000    6.00000E+000    1.20000E+001    1.20000E+001
   180:    1.40000E+001    1.20000E+001    7.00000E+000    1.40000E+001
   184:    9.00000E+000    7.00000E+000    1.10000E+001    4.00000E+000
   188:    9.00000E+000    8.00000E+000    8.00000E+000    6.00000E+000
   192:    1.00000E+001    8.00000E+000    8.00000E+000    8.00000E+000
   196:    9.00000E+000    8.00000E+000    1.30000E+001    1.60000E+001
   200:    1.70000E+001    1.30000E+001    1.60000E+001    1.30000E+001
   204:    1.20000E+001    1.80000E+001    1.40000E+001    1.30000E+001
   208:    1.00000E+001    1.30000E+001    1.90000E+001    7.00000E+000
   212:    1.80000E+001    1.40000E+001    1.20000E+001    1.10000E+001
   216:    1.80000E+001    1.10000E+001    7.00000E+000    1.20000E+001
   220:    8.00000E+000    1.30000E+001    2.00000E+000    4.00000E+000
   224:    4.00000E+000    4.00000E+000    1.00000E+000    2.00000E+000
   228:    2.00000E+000    1.00000E+000    0.00000E+000    2.00000E+000
   232:    2.00000E+000    1.00000E+000    1.00000E+000    7.00000E+000
   236:    1.00000E+000    0.00000E+000    3.00000E+000    1.00000E+000
   240:    0.00000E+000    0.00000E+000    0.00000E+000    0.00000E+000
   244:    0.00000E+000    0.00000E+000    0.00000E+000    0.00000E+000
   248:    0.00000E+000    0.00000E+000    0.00000E+000    0.00000E+000
   252:    0.00000E+000    0.00000E+000    0.00000E+000    0.00000E+000
   256:    0.00000E+000    0.00000E+000    0.00000E+000    0.00000E+000
   260:    0.00000E+000    0.00000E+000    0.00000E+000    0.00000E+000
   264:    0.00000E+000    0.00000E+000    0.00000E+000    0.00000E+000
   268:    0.00000E+000    0.00000E+000    0.00000E+000    0.00000E+000
   272:    0.00000E+000    0.00000E+000    0.00000E+000    0.00000E+000
   276:    0.00000E+000    0.00000E+000    0.00000E+000    0.00000E+000
   280:    0.00000E+000    0.00000E+000    0.00000E+000    0.00000E+000
   284:    0.00000E+000    0.00000E+000    0.00000E+000    0.00000E+000
   288:    0.00000E+000    0.00000E+000    0.00000E+000    0.00000E+000
   292:    0.00000E+000    0.00000E+000    0.00000E+000    0.00000E+000
   296:    0.00000E+000    0.00000E+000    0.00000E+000    0.00000E+000
   300:    0.00000E+000    0.00000E+000    0.00000E+000    0.00000E+000
   304:    0.00000E+000    0.00000E+000    0.00000E+000    0.00000E+000
   308:    0.00000E+000    0.00000E+000    0.00000E+000    0.00000E+000
   312:    0.00000E+000    0.00000E+000    0.00000E+000    0.00000E+000
   316:    0.00000E+000    0.00000E+000    0.00000E+000    0.00000E+000
   320:    0.00000E+000    0.00000E+000    0.00000E+000    0.00000E+000
   324:    0.00000E+000    0.00000E+000    0.00000E+000    0.00000E+000
   328:    0.00000E+000    0.00000E+000    0.00000E+000    0.00000E+000
   332:    0.00000E+000    0.00000E+000    0.00000E+000    0.00000E+000
   336:    0.00000E+000    0.00000E+000    0.00000E+000    0.00000E+000
   340:    0.00000E+000    0.00000E+000    0.00000E+000    0.00000E+000
   344:    0.00000E+000    0.00000E+000    0.00000E+000    0.00000E+000
   348:    0.00000E+000    0.00000E+000    0.00000E+000    0.00000E+000
   352:    0.00000E+000    0.00000E+000    0.00000E+000    0.00000E+000
   356:    0.00000E+000    0.00000E+000    0.00000E+000    0.00000E+000
   360:    0.00000E+000    0.00000E+000    0.00000E+000    0.00000E+000
   364:    0.00000E+000    0.00000E+000    0.00000E+000    0.00000E+000
   368:    0.00000E+000    0.00000E+000    0.00000E+000    0.00000E+000
   372:    0.00000E+000    0.00000E+000    0.00000E+000    0.00000E+000
   376:    0.00000E+000    0.00000E+000    0.00000E+000    0.00000E+000
   380:    0.00000E+000    0.00000E+000    0.00000E+000    0.00000E+000
   384:    0.00000E+000    0.00000E+000    0.00000E+000    0.00000E+000
   388:    0.00000E+000    0.00000E+000    0.00000E+000    0.00000E+000
   392:    0.00000E+000    0.00000E+000    0.00000E+000    0.00000E+000
   396:    0.00000E+000    0.00000E+000    0.00000E+000    0.00000E+000
   400:    0.00000E+000    0.00000E+000    0.00000E+000    0.00000E+000
   404:    0.00000E+000    0.00000E+000    0.00000E+000    0.00000E+000
   408:    0.00000E+000    0.00000E+000    0.00000E+000    0.00000E+000
   412:    0.00000E+000    0.00000E+000    0.00000E+000    0.00000E+000
   416:    0.00000E+000    0.00000E+000    0.00000E+000    0.00000E+000
   420:    0.00000E+000    0.00000E+000    0.00000E+000    0.00000E+000
   424:    0.00000E+000    0.00000E+000    0.00000E+000    0.00000E+000
   428:    0.00000E+000    0.00000E+000    0.00000E+000    0.00000E+000
   432:    0.00000E+000    0.00000E+000    0.00000E+000    0.00000E+000
   436:    0.00000E+000    0.00000E+000    0.00000E+000    0.00000E+000
   440:    0.00000E+000    0.00000E+000    0.00000E+000    0.00000E+000
   444:    0.00000E+000    0.00000E+000    0.00000E+000    0.00000E+000
   448:    0.00000E+000    0.00000E+000    0.00000E+000    0.00000E+000
   452:    0.00000E+000    0.00000E+000    0.00000E+000    0.00000E+000
   456:    0.00000E+000    0.00000E+000    0.00000E+000    0.00000E+000
   460:    0.00000E+000    0.00000E+000    0.00000E+000    0.00000E+000
   464:    0.00000E+000    0.00000E+000    0.00000E+000    0.00000E+000
   468:    0.00000E+000    0.00000E+000    0.00000E+000    0.00000E+000
   472:    0.00000E+000    0.00000E+000    0.00000E+000    0.00000E+000
   476:    0.00000E+000    0.00000E+000    0.00000E+000    0.00000E+000
   480:    0.00000E+000    0.00000E+000    0.00000E+000    0.00000E+000
   484:    0.00000E+000    0.00000E+000    0.00000E+000    0.00000E+000
   488:    0.00000E+000    0.00000E+000    0.00000E+000    0.00000E+000
   492:    0.00000E+000    0.00000E+000    0.00000E+000    0.00000E+000
   496:    0.00000E+000    0.00000E+000    0.00000E+000    0.00000E+000
   500:    0.00000E+000    0.00000E+000    0.00000E+000    0.00000E+000
   504:    0.00000E+000    0.00000E+000    0.00000E+000    0.00000E+000
   508:    0.00000E+000    0.00000E+000    0.00000E+000    0.00000E+000